{
 "cells": [
  {
   "cell_type": "code",
   "execution_count": 1,
   "metadata": {},
   "outputs": [],
   "source": [
    "#importing libraries\n",
    "import numpy as np\n",
    "import pandas as pd\n",
    "import matplotlib.pyplot as plt\n",
    "import seaborn as sns\n",
    "  \n",
    "from sklearn.cluster import DBSCAN"
   ]
  },
  {
   "cell_type": "code",
   "execution_count": 2,
   "metadata": {},
   "outputs": [
    {
     "name": "stdout",
     "output_type": "stream",
     "text": [
      "               country  child_mort  exports  health  imports  income  \\\n",
      "0          Afghanistan        90.2     10.0    7.58     44.9    1610   \n",
      "1              Albania        16.6     28.0    6.55     48.6    9930   \n",
      "2              Algeria        27.3     38.4    4.17     31.4   12900   \n",
      "3               Angola       119.0     62.3    2.85     42.9    5900   \n",
      "4  Antigua and Barbuda        10.3     45.5    6.03     58.9   19100   \n",
      "\n",
      "   inflation  life_expec  total_fer   gdpp  \n",
      "0       9.44        56.2       5.82    553  \n",
      "1       4.49        76.3       1.65   4090  \n",
      "2      16.10        76.5       2.89   4460  \n",
      "3      22.40        60.1       6.16   3530  \n",
      "4       1.44        76.8       2.13  12200  \n"
     ]
    }
   ],
   "source": [
    "#loading dataset\n",
    "df = pd.read_csv('C:/Users/ch likitha/Desktop/mldm/Country-data.csv')\n",
    "  \n",
    "print(df.head())"
   ]
  },
  {
   "cell_type": "code",
   "execution_count": 8,
   "metadata": {},
   "outputs": [
    {
     "data": {
      "text/html": [
       "<div>\n",
       "<style scoped>\n",
       "    .dataframe tbody tr th:only-of-type {\n",
       "        vertical-align: middle;\n",
       "    }\n",
       "\n",
       "    .dataframe tbody tr th {\n",
       "        vertical-align: top;\n",
       "    }\n",
       "\n",
       "    .dataframe thead th {\n",
       "        text-align: right;\n",
       "    }\n",
       "</style>\n",
       "<table border=\"1\" class=\"dataframe\">\n",
       "  <thead>\n",
       "    <tr style=\"text-align: right;\">\n",
       "      <th></th>\n",
       "      <th>child_mort</th>\n",
       "      <th>exports</th>\n",
       "      <th>health</th>\n",
       "      <th>imports</th>\n",
       "      <th>income</th>\n",
       "      <th>inflation</th>\n",
       "      <th>life_expec</th>\n",
       "      <th>total_fer</th>\n",
       "      <th>gdpp</th>\n",
       "      <th>clustdbscan</th>\n",
       "    </tr>\n",
       "  </thead>\n",
       "  <tbody>\n",
       "    <tr>\n",
       "      <th>child_mort</th>\n",
       "      <td>1.000000</td>\n",
       "      <td>-0.318093</td>\n",
       "      <td>-0.200402</td>\n",
       "      <td>-0.127211</td>\n",
       "      <td>-0.524315</td>\n",
       "      <td>0.288276</td>\n",
       "      <td>-0.886676</td>\n",
       "      <td>0.848478</td>\n",
       "      <td>-0.483032</td>\n",
       "      <td>-0.429502</td>\n",
       "    </tr>\n",
       "    <tr>\n",
       "      <th>exports</th>\n",
       "      <td>-0.318093</td>\n",
       "      <td>1.000000</td>\n",
       "      <td>-0.114408</td>\n",
       "      <td>0.737381</td>\n",
       "      <td>0.516784</td>\n",
       "      <td>-0.107294</td>\n",
       "      <td>0.316313</td>\n",
       "      <td>-0.320011</td>\n",
       "      <td>0.418725</td>\n",
       "      <td>0.212653</td>\n",
       "    </tr>\n",
       "    <tr>\n",
       "      <th>health</th>\n",
       "      <td>-0.200402</td>\n",
       "      <td>-0.114408</td>\n",
       "      <td>1.000000</td>\n",
       "      <td>0.095717</td>\n",
       "      <td>0.129579</td>\n",
       "      <td>-0.255376</td>\n",
       "      <td>0.210692</td>\n",
       "      <td>-0.196674</td>\n",
       "      <td>0.345966</td>\n",
       "      <td>-0.139380</td>\n",
       "    </tr>\n",
       "    <tr>\n",
       "      <th>imports</th>\n",
       "      <td>-0.127211</td>\n",
       "      <td>0.737381</td>\n",
       "      <td>0.095717</td>\n",
       "      <td>1.000000</td>\n",
       "      <td>0.122406</td>\n",
       "      <td>-0.246994</td>\n",
       "      <td>0.054391</td>\n",
       "      <td>-0.159048</td>\n",
       "      <td>0.115498</td>\n",
       "      <td>-0.064389</td>\n",
       "    </tr>\n",
       "    <tr>\n",
       "      <th>income</th>\n",
       "      <td>-0.524315</td>\n",
       "      <td>0.516784</td>\n",
       "      <td>0.129579</td>\n",
       "      <td>0.122406</td>\n",
       "      <td>1.000000</td>\n",
       "      <td>-0.147756</td>\n",
       "      <td>0.611962</td>\n",
       "      <td>-0.501840</td>\n",
       "      <td>0.895571</td>\n",
       "      <td>0.366334</td>\n",
       "    </tr>\n",
       "    <tr>\n",
       "      <th>inflation</th>\n",
       "      <td>0.288276</td>\n",
       "      <td>-0.107294</td>\n",
       "      <td>-0.255376</td>\n",
       "      <td>-0.246994</td>\n",
       "      <td>-0.147756</td>\n",
       "      <td>1.000000</td>\n",
       "      <td>-0.239705</td>\n",
       "      <td>0.316921</td>\n",
       "      <td>-0.221631</td>\n",
       "      <td>-0.132349</td>\n",
       "    </tr>\n",
       "    <tr>\n",
       "      <th>life_expec</th>\n",
       "      <td>-0.886676</td>\n",
       "      <td>0.316313</td>\n",
       "      <td>0.210692</td>\n",
       "      <td>0.054391</td>\n",
       "      <td>0.611962</td>\n",
       "      <td>-0.239705</td>\n",
       "      <td>1.000000</td>\n",
       "      <td>-0.760875</td>\n",
       "      <td>0.600089</td>\n",
       "      <td>0.410800</td>\n",
       "    </tr>\n",
       "    <tr>\n",
       "      <th>total_fer</th>\n",
       "      <td>0.848478</td>\n",
       "      <td>-0.320011</td>\n",
       "      <td>-0.196674</td>\n",
       "      <td>-0.159048</td>\n",
       "      <td>-0.501840</td>\n",
       "      <td>0.316921</td>\n",
       "      <td>-0.760875</td>\n",
       "      <td>1.000000</td>\n",
       "      <td>-0.454910</td>\n",
       "      <td>-0.402068</td>\n",
       "    </tr>\n",
       "    <tr>\n",
       "      <th>gdpp</th>\n",
       "      <td>-0.483032</td>\n",
       "      <td>0.418725</td>\n",
       "      <td>0.345966</td>\n",
       "      <td>0.115498</td>\n",
       "      <td>0.895571</td>\n",
       "      <td>-0.221631</td>\n",
       "      <td>0.600089</td>\n",
       "      <td>-0.454910</td>\n",
       "      <td>1.000000</td>\n",
       "      <td>0.302911</td>\n",
       "    </tr>\n",
       "    <tr>\n",
       "      <th>clustdbscan</th>\n",
       "      <td>-0.429502</td>\n",
       "      <td>0.212653</td>\n",
       "      <td>-0.139380</td>\n",
       "      <td>-0.064389</td>\n",
       "      <td>0.366334</td>\n",
       "      <td>-0.132349</td>\n",
       "      <td>0.410800</td>\n",
       "      <td>-0.402068</td>\n",
       "      <td>0.302911</td>\n",
       "      <td>1.000000</td>\n",
       "    </tr>\n",
       "  </tbody>\n",
       "</table>\n",
       "</div>"
      ],
      "text/plain": [
       "             child_mort   exports    health   imports    income  inflation  \\\n",
       "child_mort     1.000000 -0.318093 -0.200402 -0.127211 -0.524315   0.288276   \n",
       "exports       -0.318093  1.000000 -0.114408  0.737381  0.516784  -0.107294   \n",
       "health        -0.200402 -0.114408  1.000000  0.095717  0.129579  -0.255376   \n",
       "imports       -0.127211  0.737381  0.095717  1.000000  0.122406  -0.246994   \n",
       "income        -0.524315  0.516784  0.129579  0.122406  1.000000  -0.147756   \n",
       "inflation      0.288276 -0.107294 -0.255376 -0.246994 -0.147756   1.000000   \n",
       "life_expec    -0.886676  0.316313  0.210692  0.054391  0.611962  -0.239705   \n",
       "total_fer      0.848478 -0.320011 -0.196674 -0.159048 -0.501840   0.316921   \n",
       "gdpp          -0.483032  0.418725  0.345966  0.115498  0.895571  -0.221631   \n",
       "clustdbscan   -0.429502  0.212653 -0.139380 -0.064389  0.366334  -0.132349   \n",
       "\n",
       "             life_expec  total_fer      gdpp  clustdbscan  \n",
       "child_mort    -0.886676   0.848478 -0.483032    -0.429502  \n",
       "exports        0.316313  -0.320011  0.418725     0.212653  \n",
       "health         0.210692  -0.196674  0.345966    -0.139380  \n",
       "imports        0.054391  -0.159048  0.115498    -0.064389  \n",
       "income         0.611962  -0.501840  0.895571     0.366334  \n",
       "inflation     -0.239705   0.316921 -0.221631    -0.132349  \n",
       "life_expec     1.000000  -0.760875  0.600089     0.410800  \n",
       "total_fer     -0.760875   1.000000 -0.454910    -0.402068  \n",
       "gdpp           0.600089  -0.454910  1.000000     0.302911  \n",
       "clustdbscan    0.410800  -0.402068  0.302911     1.000000  "
      ]
     },
     "execution_count": 8,
     "metadata": {},
     "output_type": "execute_result"
    }
   ],
   "source": [
    "#correlatin matrix\n",
    "df.corr()"
   ]
  },
  {
   "cell_type": "code",
   "execution_count": 11,
   "metadata": {},
   "outputs": [
    {
     "data": {
      "text/html": [
       "<div>\n",
       "<style scoped>\n",
       "    .dataframe tbody tr th:only-of-type {\n",
       "        vertical-align: middle;\n",
       "    }\n",
       "\n",
       "    .dataframe tbody tr th {\n",
       "        vertical-align: top;\n",
       "    }\n",
       "\n",
       "    .dataframe thead th {\n",
       "        text-align: right;\n",
       "    }\n",
       "</style>\n",
       "<table border=\"1\" class=\"dataframe\">\n",
       "  <thead>\n",
       "    <tr style=\"text-align: right;\">\n",
       "      <th></th>\n",
       "      <th>child_mort</th>\n",
       "      <th>exports</th>\n",
       "      <th>health</th>\n",
       "      <th>imports</th>\n",
       "      <th>income</th>\n",
       "      <th>inflation</th>\n",
       "      <th>life_expec</th>\n",
       "      <th>total_fer</th>\n",
       "      <th>gdpp</th>\n",
       "      <th>clustdbscan</th>\n",
       "    </tr>\n",
       "  </thead>\n",
       "  <tbody>\n",
       "    <tr>\n",
       "      <th>child_mort</th>\n",
       "      <td>1626.422713</td>\n",
       "      <td>-351.651128</td>\n",
       "      <td>-22.199943</td>\n",
       "      <td>-124.201982</td>\n",
       "      <td>-4.076360e+05</td>\n",
       "      <td>122.893627</td>\n",
       "      <td>-318.008262</td>\n",
       "      <td>51.801162</td>\n",
       "      <td>-3.570463e+05</td>\n",
       "      <td>-12.227267</td>\n",
       "    </tr>\n",
       "    <tr>\n",
       "      <th>exports</th>\n",
       "      <td>-351.651128</td>\n",
       "      <td>751.418298</td>\n",
       "      <td>-8.614534</td>\n",
       "      <td>489.350622</td>\n",
       "      <td>2.730946e+05</td>\n",
       "      <td>-31.090078</td>\n",
       "      <td>77.110598</td>\n",
       "      <td>-13.279671</td>\n",
       "      <td>2.103785e+05</td>\n",
       "      <td>4.114913</td>\n",
       "    </tr>\n",
       "    <tr>\n",
       "      <th>health</th>\n",
       "      <td>-22.199943</td>\n",
       "      <td>-8.614534</td>\n",
       "      <td>7.545116</td>\n",
       "      <td>6.365141</td>\n",
       "      <td>6.861669e+03</td>\n",
       "      <td>-7.415093</td>\n",
       "      <td>5.146808</td>\n",
       "      <td>-0.817828</td>\n",
       "      <td>1.741797e+04</td>\n",
       "      <td>-0.270259</td>\n",
       "    </tr>\n",
       "    <tr>\n",
       "      <th>imports</th>\n",
       "      <td>-124.201982</td>\n",
       "      <td>489.350622</td>\n",
       "      <td>6.365141</td>\n",
       "      <td>586.104198</td>\n",
       "      <td>5.712872e+04</td>\n",
       "      <td>-63.208898</td>\n",
       "      <td>11.710284</td>\n",
       "      <td>-5.829066</td>\n",
       "      <td>5.125005e+04</td>\n",
       "      <td>-1.100392</td>\n",
       "    </tr>\n",
       "    <tr>\n",
       "      <th>income</th>\n",
       "      <td>-407635.982270</td>\n",
       "      <td>273094.598023</td>\n",
       "      <td>6861.669071</td>\n",
       "      <td>57128.721588</td>\n",
       "      <td>3.716439e+08</td>\n",
       "      <td>-30110.122438</td>\n",
       "      <td>104916.785517</td>\n",
       "      <td>-14645.727927</td>\n",
       "      <td>3.164430e+08</td>\n",
       "      <td>4985.259072</td>\n",
       "    </tr>\n",
       "    <tr>\n",
       "      <th>inflation</th>\n",
       "      <td>122.893627</td>\n",
       "      <td>-31.090078</td>\n",
       "      <td>-7.415093</td>\n",
       "      <td>-63.208898</td>\n",
       "      <td>-3.011012e+04</td>\n",
       "      <td>111.739781</td>\n",
       "      <td>-22.533965</td>\n",
       "      <td>5.071509</td>\n",
       "      <td>-4.294042e+04</td>\n",
       "      <td>-0.987580</td>\n",
       "    </tr>\n",
       "    <tr>\n",
       "      <th>life_expec</th>\n",
       "      <td>-318.008262</td>\n",
       "      <td>77.110598</td>\n",
       "      <td>5.146808</td>\n",
       "      <td>11.710284</td>\n",
       "      <td>1.049168e+05</td>\n",
       "      <td>-22.533965</td>\n",
       "      <td>79.088507</td>\n",
       "      <td>-10.243585</td>\n",
       "      <td>9.781472e+04</td>\n",
       "      <td>2.578898</td>\n",
       "    </tr>\n",
       "    <tr>\n",
       "      <th>total_fer</th>\n",
       "      <td>51.801162</td>\n",
       "      <td>-13.279671</td>\n",
       "      <td>-0.817828</td>\n",
       "      <td>-5.829066</td>\n",
       "      <td>-1.464573e+04</td>\n",
       "      <td>5.071509</td>\n",
       "      <td>-10.243585</td>\n",
       "      <td>2.291734</td>\n",
       "      <td>-1.262233e+04</td>\n",
       "      <td>-0.429664</td>\n",
       "    </tr>\n",
       "    <tr>\n",
       "      <th>gdpp</th>\n",
       "      <td>-357046.306154</td>\n",
       "      <td>210378.470377</td>\n",
       "      <td>17417.971217</td>\n",
       "      <td>51250.050217</td>\n",
       "      <td>3.164430e+08</td>\n",
       "      <td>-42940.421636</td>\n",
       "      <td>97814.722603</td>\n",
       "      <td>-12622.333657</td>\n",
       "      <td>3.359414e+08</td>\n",
       "      <td>3919.177693</td>\n",
       "    </tr>\n",
       "    <tr>\n",
       "      <th>clustdbscan</th>\n",
       "      <td>-12.227267</td>\n",
       "      <td>4.114913</td>\n",
       "      <td>-0.270259</td>\n",
       "      <td>-1.100392</td>\n",
       "      <td>4.985259e+03</td>\n",
       "      <td>-0.987580</td>\n",
       "      <td>2.578898</td>\n",
       "      <td>-0.429664</td>\n",
       "      <td>3.919178e+03</td>\n",
       "      <td>0.498305</td>\n",
       "    </tr>\n",
       "  </tbody>\n",
       "</table>\n",
       "</div>"
      ],
      "text/plain": [
       "                child_mort        exports        health       imports  \\\n",
       "child_mort     1626.422713    -351.651128    -22.199943   -124.201982   \n",
       "exports        -351.651128     751.418298     -8.614534    489.350622   \n",
       "health          -22.199943      -8.614534      7.545116      6.365141   \n",
       "imports        -124.201982     489.350622      6.365141    586.104198   \n",
       "income      -407635.982270  273094.598023   6861.669071  57128.721588   \n",
       "inflation       122.893627     -31.090078     -7.415093    -63.208898   \n",
       "life_expec     -318.008262      77.110598      5.146808     11.710284   \n",
       "total_fer        51.801162     -13.279671     -0.817828     -5.829066   \n",
       "gdpp        -357046.306154  210378.470377  17417.971217  51250.050217   \n",
       "clustdbscan     -12.227267       4.114913     -0.270259     -1.100392   \n",
       "\n",
       "                   income     inflation     life_expec     total_fer  \\\n",
       "child_mort  -4.076360e+05    122.893627    -318.008262     51.801162   \n",
       "exports      2.730946e+05    -31.090078      77.110598    -13.279671   \n",
       "health       6.861669e+03     -7.415093       5.146808     -0.817828   \n",
       "imports      5.712872e+04    -63.208898      11.710284     -5.829066   \n",
       "income       3.716439e+08 -30110.122438  104916.785517 -14645.727927   \n",
       "inflation   -3.011012e+04    111.739781     -22.533965      5.071509   \n",
       "life_expec   1.049168e+05    -22.533965      79.088507    -10.243585   \n",
       "total_fer   -1.464573e+04      5.071509     -10.243585      2.291734   \n",
       "gdpp         3.164430e+08 -42940.421636   97814.722603 -12622.333657   \n",
       "clustdbscan  4.985259e+03     -0.987580       2.578898     -0.429664   \n",
       "\n",
       "                     gdpp  clustdbscan  \n",
       "child_mort  -3.570463e+05   -12.227267  \n",
       "exports      2.103785e+05     4.114913  \n",
       "health       1.741797e+04    -0.270259  \n",
       "imports      5.125005e+04    -1.100392  \n",
       "income       3.164430e+08  4985.259072  \n",
       "inflation   -4.294042e+04    -0.987580  \n",
       "life_expec   9.781472e+04     2.578898  \n",
       "total_fer   -1.262233e+04    -0.429664  \n",
       "gdpp         3.359414e+08  3919.177693  \n",
       "clustdbscan  3.919178e+03     0.498305  "
      ]
     },
     "execution_count": 11,
     "metadata": {},
     "output_type": "execute_result"
    }
   ],
   "source": [
    "#cov_matrix\n",
    "cov_matrix=df.cov()\n",
    "cov_matrix"
   ]
  },
  {
   "cell_type": "code",
   "execution_count": 20,
   "metadata": {},
   "outputs": [
    {
     "name": "stdout",
     "output_type": "stream",
     "text": [
      "e-value [6.70739440e+08 3.68465803e+07 1.25100922e+03 9.81359798e+02\n",
      " 1.35158016e+02 7.35107140e+01 1.28828468e+01 4.25236605e+00\n",
      " 6.16898501e-01 3.41482680e-01]\n",
      "e-vector [[ 8.07327698e-04 -5.57055029e-04  9.25224164e-01  3.28709794e-01\n",
      "  -3.94142271e-02  6.09257729e-02  1.72212456e-01 -1.09640122e-02\n",
      "   2.92902018e-02  2.91025354e-03]\n",
      " [-5.11348092e-04  9.41707964e-04 -2.28589327e-01  6.52824058e-01\n",
      "   5.95037504e-01  4.01791348e-01 -2.81479300e-02 -7.23427569e-02\n",
      "  -1.64248289e-03 -5.66775218e-03]\n",
      " [-2.52724061e-05 -2.15627987e-04 -9.25719786e-03 -7.58430991e-03\n",
      "  -7.77734076e-02 -5.54561000e-02  3.92491641e-03 -9.93177773e-01\n",
      "  -1.30169330e-02  6.43872595e-02]\n",
      " [-1.14384869e-04  5.41883706e-05 -2.42654887e-01  6.78175784e-01\n",
      "  -5.29215493e-01 -4.41190755e-01  4.81096624e-02  6.39206751e-02\n",
      "  -4.57303672e-05  8.80237906e-03]\n",
      " [-7.26746756e-01  6.86903991e-01  1.17363667e-03 -4.12837632e-04\n",
      "  -6.84131769e-04 -1.94989210e-04  2.12295098e-05 -7.36014992e-05\n",
      "  -1.22951347e-05  1.85195235e-06]\n",
      " [ 7.65998651e-05  2.85616791e-04  8.73825140e-02 -2.19906234e-02\n",
      "   5.95732150e-01 -7.97920403e-01 -1.11384335e-02 -2.55532091e-03\n",
      "   1.18544684e-02  5.97790661e-03]\n",
      " [-2.13850032e-04  2.66353742e-05 -1.55749641e-01 -7.23087738e-02\n",
      "   5.69209312e-02  1.36984735e-02  9.83391982e-01  9.81794552e-04\n",
      "  -2.49841408e-03  4.33665212e-03]\n",
      " [ 2.87952778e-05 -2.40728709e-05  2.86464880e-02  8.16754972e-03\n",
      "   7.02277544e-03 -5.66201612e-03  1.69005478e-03  2.09878852e-02\n",
      "  -9.90527600e-01  1.32072015e-01]\n",
      " [-6.86904777e-01 -7.26747258e-01  1.16134176e-04  2.44938253e-04\n",
      "   3.74406148e-04 -3.93785377e-05 -1.14504285e-04  1.44188862e-04\n",
      "   7.89672984e-06 -6.85811312e-06]\n",
      " [-9.41518398e-06  1.56365447e-05 -4.94062496e-03 -3.40877141e-03\n",
      "   8.51072858e-03  1.51784816e-02 -5.82185987e-03  6.09127523e-02\n",
      "   1.32959570e-01  9.89059476e-01]]\n"
     ]
    }
   ],
   "source": [
    "#eigen values and eigen vector\n",
    "eigen_values,eigen_vector=np.linalg.eig(cov_matrix)\n",
    "print('e-value',eigen_values)\n",
    "print('e-vector',eigen_vector)"
   ]
  },
  {
   "cell_type": "code",
   "execution_count": 13,
   "metadata": {},
   "outputs": [],
   "source": [
    "#Taking 2 columns[child_mort and health] to perform DB scan\n",
    "df_new=df[['child_mort','health']]\n",
    "\n",
    "#db_scan\n",
    "dbscan = DBSCAN(eps = 2, min_samples = 5)\n",
    "labels = dbscan.fit_predict(df_new)\n",
    "df['clustdbscan'] = labels"
   ]
  },
  {
   "cell_type": "code",
   "execution_count": 14,
   "metadata": {},
   "outputs": [
    {
     "data": {
      "text/plain": [
       "Text(0, 0.5, 'Health')"
      ]
     },
     "execution_count": 14,
     "metadata": {},
     "output_type": "execute_result"
    },
    {
     "data": {
